[
  {
    "cutpoints": [
      {
        "interpretation": "Low Risk", 
        "sign_1": "<", 
        "sign_2": "NA", 
        "units": "NA", 
        "value_1": "0.71", 
        "value_2": "NA"
      }, 
      {
        "interpretation": "Moderate Risk", 
        "sign_1": ">=", 
        "sign_2": "<=", 
        "units": "NA", 
        "value_1": "0.71", 
        "value_2": "0.77"
      }, 
      {
        "interpretation": "High Risk", 
        "sign_1": ">", 
        "sign_2": "NA", 
        "units": "NA", 
        "value_1": "0.77", 
        "value_2": "NA"
      }
    ], 
    "density_plot": [
      [
        0.6822732356464143, 
        0.7792924004128382
      ], 
      [
        0.6836431749354984, 
        0.8113234107801762
      ], 
      [
        0.6850131142245826, 
        0.8443281809042487
      ], 
      [
        0.6863830535136667, 
        0.87831898932263
      ], 
      [
        0.6877529928027508, 
        0.9133073868141851
      ], 
      [
        0.689122932091835, 
        0.9493041479811264
      ], 
      [
        0.6904928713809191, 
        0.9863192224984964
      ], 
      [
        0.6918628106700032, 
        1.0243616861388554
      ], 
      [
        0.6932327499590873, 
        1.063439691684886
      ], 
      [
        0.6946026892481715, 
        1.1035604198473525
      ], 
      [
        0.6959726285372556, 
        1.1447300303104047
      ], 
      [
        0.6973425678263397, 
        1.1869536130305183
      ], 
      [
        0.6987125071154239, 
        1.230235139919422
      ], 
      [
        0.700082446404508, 
        1.2745774170451398
      ], 
      [
        0.7014523856935921, 
        1.3199820374887512
      ], 
      [
        0.7028223249826763, 
        1.3664493349976274
      ], 
      [
        0.7041922642717604, 
        1.4139783385786886
      ], 
      [
        0.7055622035608445, 
        1.4625667281776646
      ], 
      [
        0.7069321428499287, 
        1.5122107915923693
      ], 
      [
        0.7083020821390128, 
        1.562905382769599
      ], 
      [
        0.7096720214280969, 
        1.6146438816364614
      ], 
      [
        0.7110419607171811, 
        1.6674181556176368
      ], 
      [
        0.7124119000062652, 
        1.721218522990328
      ], 
      [
        0.7137818392953493, 
        1.7760337182284032
      ], 
      [
        0.7151517785844335, 
        1.8318508594864704
      ], 
      [
        0.7165217178735176, 
        1.8886554183733435
      ], 
      [
        0.7178916571626017, 
        1.9464311921625501
      ], 
      [
        0.7192615964516859, 
        2.0051602785851643
      ], 
      [
        0.72063153574077, 
        2.064823053347328
      ], 
      [
        0.7220014750298541, 
        2.1253981505113826
      ], 
      [
        0.7233714143189383, 
        2.18686244587544
      ], 
      [
        0.7247413536080224, 
        2.2491910434816904
      ], 
      [
        0.7261112928971065, 
        2.3123572653785085
      ], 
      [
        0.7274812321861907, 
        2.3763326447557325
      ], 
      [
        0.7288511714752748, 
        2.4410869225661873
      ], 
      [
        0.7302211107643589, 
        2.506588047739668
      ], 
      [
        0.731591050053443, 
        2.572802181088236
      ], 
      [
        0.7329609893425272, 
        2.639693702993752
      ], 
      [
        0.7343309286316113, 
        2.7072252249601543
      ], 
      [
        0.7357008679206954, 
        2.775357605104056
      ], 
      [
        0.7370708072097796, 
        2.8440499676478264
      ], 
      [
        0.7384407464988637, 
        2.9132597264694944
      ], 
      [
        0.7398106857879478, 
        2.9829426127534733
      ], 
      [
        0.741180625077032, 
        3.053052706775464
      ], 
      [
        0.7425505643661161, 
        3.1235424738437896
      ], 
      [
        0.7439205036552002, 
        3.194362804408024
      ], 
      [
        0.7452904429442844, 
        3.2654630583340585
      ], 
      [
        0.7466603822333685, 
        3.336791113332757
      ], 
      [
        0.7480303215224526, 
        3.4082934175171182
      ], 
      [
        0.7494002608115368, 
        3.479915046050462
      ], 
      [
        0.7507702001006209, 
        3.5515997618355697
      ], 
      [
        0.752140139389705, 
        3.623290080182025
      ], 
      [
        0.7535100786787892, 
        3.6949273373762743
      ], 
      [
        0.7548800179678733, 
        3.7664517630661147
      ], 
      [
        0.7562499572569574, 
        3.837802556358622
      ], 
      [
        0.7576198965460416, 
        3.908917965517833
      ], 
      [
        0.7589898358351257, 
        3.979735371135955
      ], 
      [
        0.7603597751242098, 
        4.050191372639502
      ], 
      [
        0.761729714413294, 
        4.1202218779796125
      ], 
      [
        0.7630996537023781, 
        4.189762196343889
      ], 
      [
        0.7644695929914622, 
        4.258747133715556
      ], 
      [
        0.7658395322805464, 
        4.327111091094517
      ], 
      [
        0.7672094715696305, 
        4.394788165184101
      ], 
      [
        0.7685794108587146, 
        4.461712251336955
      ], 
      [
        0.7699493501477988, 
        4.527817148543717
      ], 
      [
        0.7713192894368829, 
        4.593036666238836
      ], 
      [
        0.772689228725967, 
        4.657304732689208
      ], 
      [
        0.7740591680150511, 
        4.720555504723262
      ], 
      [
        0.7754291073041353, 
        4.782723478550744
      ], 
      [
        0.7767990465932194, 
        4.843743601416789
      ], 
      [
        0.7781689858823035, 
        4.9035513838279705
      ], 
      [
        0.7795389251713877, 
        4.9620830120828145
      ], 
      [
        0.7809088644604718, 
        5.019275460835009
      ], 
      [
        0.7822788037495559, 
        5.07506660541396
      ], 
      [
        0.7836487430386401, 
        5.129395333624761
      ], 
      [
        0.7850186823277242, 
        5.182201656747804
      ], 
      [
        0.7863886216168083, 
        5.233426819457447
      ], 
      [
        0.7877585609058925, 
        5.283013408379133
      ], 
      [
        0.7891285001949766, 
        5.330905459005305
      ], 
      [
        0.7904984394840607, 
        5.377048560692338
      ], 
      [
        0.7918683787731449, 
        5.421389959463493
      ], 
      [
        0.793238318062229, 
        5.463878658346598
      ], 
      [
        0.7946082573513131, 
        5.504465514979799
      ], 
      [
        0.7959781966403973, 
        5.543103336224271
      ], 
      [
        0.7973481359294814, 
        5.579746969529191
      ], 
      [
        0.7987180752185655, 
        5.61435339080161
      ], 
      [
        0.8000880145076497, 
        5.646881788542037
      ], 
      [
        0.8014579537967338, 
        5.677293644015535
      ], 
      [
        0.8028278930858179, 
        5.705552807237995
      ], 
      [
        0.804197832374902, 
        5.73162556856779
      ], 
      [
        0.8055677716639862, 
        5.755480725704433
      ], 
      [
        0.8069377109530703, 
        5.777089645907823
      ], 
      [
        0.8083076502421545, 
        5.79642632326448
      ], 
      [
        0.8096775895312386, 
        5.8134674308404035
      ], 
      [
        0.8110475288203227, 
        5.828192367574193
      ], 
      [
        0.8124174681094068, 
        5.840583299778479
      ], 
      [
        0.813787407398491, 
        5.8506251971326035
      ], 
      [
        0.8151573466875751, 
        5.858305863064902
      ], 
      [
        0.8165272859766592, 
        5.863615959438598
      ], 
      [
        0.8178972252657434, 
        5.866549025471377
      ], 
      [
        0.8192671645548275, 
        5.8671014908349735
      ], 
      [
        0.8206371038439116, 
        5.865272682897609
      ], 
      [
        0.8220070431329958, 
        5.861064828088696
      ], 
      [
        0.8233769824220799, 
        5.85448304738195
      ], 
      [
        0.824746921711164, 
        5.845535345909717
      ], 
      [
        0.8261168610002482, 
        5.834232596738025
      ], 
      [
        0.8274868002893323, 
        5.82058851884837
      ], 
      [
        0.8288567395784164, 
        5.804619649388664
      ], 
      [
        0.8302266788675006, 
        5.786345310271906
      ], 
      [
        0.8315966181565847, 
        5.765787569217013
      ], 
      [
        0.8329665574456688, 
        5.742971195341768
      ], 
      [
        0.834336496734753, 
        5.717923609432982
      ], 
      [
        0.8357064360238371, 
        5.690674829033604
      ], 
      [
        0.8370763753129212, 
        5.661257408500722
      ], 
      [
        0.8384463146020054, 
        5.629706374201992
      ], 
      [
        0.8398162538910895, 
        5.596059155031034
      ], 
      [
        0.8411861931801736, 
        5.560355508434713
      ], 
      [
        0.8425561324692578, 
        5.522637442156905
      ], 
      [
        0.8439260717583419, 
        5.482949131914257
      ], 
      [
        0.845296011047426, 
        5.4413368352297065
      ], 
      [
        0.8466659503365102, 
        5.397848801658835
      ], 
      [
        0.8480358896255943, 
        5.352535179652769
      ], 
      [
        0.8494058289146784, 
        5.305447920309004
      ], 
      [
        0.8507757682037626, 
        5.256640678268414
      ], 
      [
        0.8521457074928467, 
        5.206168710022632
      ], 
      [
        0.8535156467819308, 
        5.154088769901065
      ], 
      [
        0.854885586071015, 
        5.10045900401094
      ], 
      [
        0.8562555253600991, 
        5.045338842406956
      ], 
      [
        0.8576254646491832, 
        4.9887888897694905
      ], 
      [
        0.8589954039382673, 
        4.930870814871595
      ], 
      [
        0.8603653432273515, 
        4.871647239115507
      ], 
      [
        0.8617352825164356, 
        4.811181624418936
      ], 
      [
        0.8631052218055197, 
        4.749538160730021
      ], 
      [
        0.8644751610946039, 
        4.6867816534476185
      ], 
      [
        0.865845100383688, 
        4.622977411020443
      ], 
      [
        0.8672150396727721, 
        4.558191132994668
      ], 
      [
        0.8685849789618563, 
        4.492488798774792
      ], 
      [
        0.8699549182509404, 
        4.425936557357025
      ], 
      [
        0.8713248575400245, 
        4.35860061828812
      ], 
      [
        0.8726947968291087, 
        4.290547144095541
      ], 
      [
        0.8740647361181928, 
        4.221842144427079
      ], 
      [
        0.8754346754072769, 
        4.152551372129696
      ], 
      [
        0.8768046146963611, 
        4.082740221488307
      ], 
      [
        0.8781745539854452, 
        4.012473628835687
      ], 
      [
        0.8795444932745293, 
        3.9418159757345457
      ], 
      [
        0.8809144325636135, 
        3.8708309949222692
      ], 
      [
        0.8822843718526976, 
        3.7995816791977695
      ], 
      [
        0.8836543111417817, 
        3.728130193418516
      ], 
      [
        0.8850242504308659, 
        3.656537789764039
      ], 
      [
        0.88639418971995, 
        3.5848647264101827
      ], 
      [
        0.8877641290090341, 
        3.5131701897461043
      ], 
      [
        0.8891340682981183, 
        3.441512220253529
      ], 
      [
        0.8905040075872024, 
        3.36994764215516
      ], 
      [
        0.8918739468762865, 
        3.2985319969264357
      ], 
      [
        0.8932438861653706, 
        3.227319480752042
      ], 
      [
        0.8946138254544548, 
        3.156362885995861
      ], 
      [
        0.8959837647435389, 
        3.08571354674027
      ], 
      [
        0.897353704032623, 
        3.0154212884381217
      ], 
      [
        0.8987236433217072, 
        2.945534381708198
      ], 
      [
        0.9000935826107913, 
        2.876099500292659
      ], 
      [
        0.9014635218998754, 
        2.807161683182854
      ], 
      [
        0.9028334611889596, 
        2.738764300908043
      ], 
      [
        0.9042034004780437, 
        2.670949025970024
      ], 
      [
        0.9055733397671278, 
        2.603755807395405
      ], 
      [
        0.906943279056212, 
        2.537222849366422
      ], 
      [
        0.9083132183452961, 
        2.471386593880703
      ], 
      [
        0.9096831576343802, 
        2.406281707380318
      ], 
      [
        0.9110530969234644, 
        2.341941071280852
      ], 
      [
        0.9124230362125485, 
        2.2783957763220744
      ], 
      [
        0.9137929755016326, 
        2.215675120653117
      ], 
      [
        0.9151629147907168, 
        2.1538066115569374
      ], 
      [
        0.9165328540798009, 
        2.092815970711187
      ], 
      [
        0.917902793368885, 
        2.032727142875523
      ], 
      [
        0.9192727326579692, 
        1.9735623078888653
      ], 
      [
        0.9206426719470533, 
        1.9153418958540767
      ], 
      [
        0.9220126112361374, 
        1.8580846053821571
      ], 
      [
        0.9233825505252216, 
        1.8018074247631315
      ], 
      [
        0.9247524898143057, 
        1.746525655926549
      ], 
      [
        0.9261224291033898, 
        1.692252941050762
      ], 
      [
        0.927492368392474, 
        1.639001291676974
      ], 
      [
        0.9288623076815581, 
        1.5867811201814428
      ], 
      [
        0.9302322469706422, 
        1.5356012734571574
      ], 
      [
        0.9316021862597264, 
        1.485469068654768
      ], 
      [
        0.9329721255488105, 
        1.4363903308315569
      ], 
      [
        0.9343420648378946, 
        1.3883694323567584
      ], 
      [
        0.9357120041269787, 
        1.3414093339215356
      ], 
      [
        0.9370819434160629, 
        1.295511627002433
      ], 
      [
        0.938451882705147, 
        1.2506765776280846
      ], 
      [
        0.9398218219942311, 
        1.2069031713003702
      ], 
      [
        0.9411917612833153, 
        1.1641891589230415
      ], 
      [
        0.9425617005723994, 
        1.122531103593106
      ], 
      [
        0.9439316398614835, 
        1.0819244281128593
      ], 
      [
        0.9453015791505677, 
        1.0423634630834682
      ], 
      [
        0.9466715184396518, 
        1.003841495444314
      ], 
      [
        0.9480414577287359, 
        0.9663508173259677
      ], 
      [
        0.9494113970178201, 
        0.9298827750885841
      ], 
      [
        0.9507813363069042, 
        0.8944278184216945
      ], 
      [
        0.9521512755959883, 
        0.8599755493858324
      ], 
      [
        0.9535212148850725, 
        0.8265147712810529
      ], 
      [
        0.9548911541741566, 
        0.7940335372322628
      ]
    ], 
    "distribution_stats": {
      "mean": 0.8189, 
      "standard deviation": 0.067995494
    }, 
    "interpretation": "High Risk", 
    "percentile": 81.55641784097303, 
    "target_variable": "waist_to_hip_ratio_score"
  }
]
